14:55:50|54|1|170|30,00
4:29:26|56|1|197|30,00
22:31:35|57|1|63|30,00
12:43:55|53|1|168|30,00
0:48:51|24|1|10|30,00
1:12:44|2|1|87|30,00
12:42:48|15|1|76|30,00
13:21:21|34|1|85|30,00
8:51:43|3|1|117|30,00
3:36:41|24|1|8|30,00
4:8:21|5|1|114|30,00
1:42:28|24|1|6|30,00
9:3:22|4|1|80|30,00
20:19:22|37|1|197|30,00
21:5:54|29|1|114|30,00
11:52:57|37|1|83|30,00
1:27:29|29|1|10|30,00
21:33:26|58|1|49|30,00
7:35:41|28|1|65|30,00
11:15:29|0|1|44|30,00
17:52:6|2|1|155|30,00
23:50:7|52|1|182|30,00
8:1:34|44|1|149|30,00
5:43:37|9|1|12|30,00
15:58:1|44|1|86|30,00
21:34:54|32|1|130|30,00
4:52:59|37|1|126|30,00
4:32:23|47|1|196|30,00
0:35:28|26|1|181|30,00
0:34:14|20|1|140|30,00
5:54:2|32|1|94|30,00
2:14:29|45|1|12|30,00
8:20:12|53|1|4|30,00
15:42:0|3|1|43|30,00
19:4:38|52|1|125|30,00
12:2:53|32|1|124|30,00
15:25:40|18|1|20|30,00
9:8:59|45|1|192|30,00
6:40:19|20|1|177|30,00
10:51:26|28|1|137|30,00
6:17:41|0|2|0|30,00
11:3:11|18|2|49|30,00
9:4:50|0|2|57|30,00
5:59:31|3|2|140|30,00
2:2:43|8|2|102|30,00
8:56:15|14|2|148|30,00
4:6:48|23|2|45|30,00
12:34:41|0|2|134|30,00
2:46:17|39|2|12|30,00
7:56:13|41|2|146|30,00
22:6:38|23|2|82|30,00
2:31:36|12|2|11|30,00
20:52:24|55|2|146|30,00
5:27:45|27|2|157|30,00
19:21:43|2|2|42|30,00
22:13:30|4|2|190|30,00
9:50:24|30|2|143|30,00
8:27:24|55|2|175|30,00
16:19:26|37|2|62|30,00
0:47:34|11|2|49|30,00
3:24:24|29|2|63|30,00
3:41:15|29|2|125|30,00
9:48:19|9|2|128|30,00
15:58:37|57|2|71|30,00
15:9:24|58|2|3|30,00
2:57:23|56|2|111|30,00
2:23:17|19|2|108|30,00
12:46:50|30|2|187|30,00
11:43:25|1|2|12|30,00
22:37:46|16|2|122|30,00
12:59:4|8|2|14|30,00
4:7:45|27|2|55|30,00
6:34:50|30|2|112|30,00
7:51:5|56|2|45|30,00
16:57:52|26|2|49|30,00
17:36:35|48|2|83|30,00
3:32:31|37|2|4|30,00
19:3:45|58|2|48|30,00
17:5:0|27|2|127|30,00
7:2:47|57|2|106|30,00
9:32:55|46|3|88|30,00
15:59:35|15|3|60|30,00
20:46:34|29|3|158|30,00
4:47:22|38|3|13|30,00
15:54:23|35|3|2|30,00
6:10:56|51|3|48|30,00
12:46:3|13|3|80|30,00
8:28:0|23|3|15|30,00
8:4:40|52|3|7|30,00
18:2:4|44|3|11|30,00
10:10:3|6|3|185|30,00
5:49:46|47|3|79|30,00
14:7:39|13|3|102|30,00
15:59:16|7|3|141|30,00
3:18:58|59|3|164|30,00
4:16:58|52|3|16|30,00
6:23:43|4|3|79|30,00
23:8:33|41|3|65|30,00
15:35:2|43|3|169|30,00
10:6:24|6|3|133|30,00
14:57:38|10|3|11|30,00
11:7:47|13|3|89|30,00
8:18:29|33|3|40|30,00
4:20:14|18|3|23|30,00
8:40:38|55|3|135|30,00
22:25:56|30|3|161|30,00
3:11:59|51|3|3|30,00
11:0:19|52|3|0|30,00
22:37:46|25|3|137|30,00
21:25:13|55|3|12|30,00
20:15:55|31|3|189|30,00
5:11:37|28|3|137|30,00
3:21:46|9|3|119|30,00
18:7:52|59|3|121|30,00
19:35:40|8|3|200|30,00
19:33:45|58|3|2|30,00
1:16:54|57|3|129|30,00
2:56:42|24|3|135|30,00
11:33:52|26|3|49|30,00
4:46:52|48|3|87|30,00
18:16:37|14|4|106|30,00
4:45:38|25|4|45|30,00
7:9:45|8|4|61|30,00
19:24:4|49|4|73|30,00
14:47:36|9|4|200|30,00
13:50:19|56|4|126|30,00
2:11:36|41|4|184|30,00
22:38:12|4|4|155|30,00
0:4:9|23|4|27|30,00
12:36:40|41|4|158|30,00
12:40:37|16|4|144|30,00
2:26:2|40|4|62|30,00
2:58:6|18|4|102|30,00
0:4:4|1|4|123|30,00
10:21:32|19|4|8|30,00
23:14:10|44|4|26|30,00
23:40:28|28|4|36|30,00
18:4:55|5|4|90|30,00
1:36:4|48|4|25|30,00
17:6:51|54|4|18|30,00
1:10:29|27|4|74|30,00
2:2:15|34|4|167|30,00
22:58:9|51|4|61|30,00
6:55:5|45|4|182|30,00
10:37:20|26|4|56|30,00
12:31:22|19|4|178|30,00
1:57:18|52|4|57|30,00
12:57:4|3|4|53|30,00
1:22:9|56|4|32|30,00
21:46:44|46|4|167|30,00
11:7:31|7|4|119|30,00
5:59:20|45|4|140|30,00
1:43:13|55|4|142|30,00
11:44:55|21|4|155|30,00
4:43:11|29|4|180|30,00
10:16:42|40|4|151|30,00
12:15:53|2|4|0|30,00
12:12:37|12|4|62|30,00
19:33:11|37|4|55|30,00
17:1:55|33|4|172|30,00
18:45:33|26|5|42|30,00
6:29:48|54|5|185|30,00
17:50:8|3|5|86|30,00
13:58:47|59|5|108|30,00
5:49:24|18|5|161|30,00
1:27:56|45|5|144|30,00
0:14:8|9|5|94|30,00
21:9:24|51|5|107|30,00
11:29:57|55|5|184|30,00
19:21:25|50|5|48|30,00
23:30:14|59|5|181|30,00
6:58:17|52|5|110|30,00
12:18:36|59|5|163|30,00
7:10:53|3|5|138|30,00
15:34:3|9|5|159|30,00
4:39:58|10|5|20|30,00
3:14:0|15|5|133|30,00
11:29:8|42|5|90|30,00
20:40:20|16|5|85|30,00
13:18:20|41|5|5|30,00
20:59:27|29|5|58|30,00
18:9:6|21|5|53|30,00
4:14:57|5|5|179|30,00
16:16:48|8|5|128|30,00
19:43:21|41|5|151|30,00
21:43:30|52|5|176|30,00
8:16:46|16|5|64|30,00
15:19:17|56|5|49|30,00
13:46:14|50|5|129|30,00
8:53:42|2|5|189|30,00
21:39:43|19|5|101|30,00
20:47:36|50|5|135|30,00
0:37:20|26|5|142|30,00
8:47:38|39|5|162|30,00
13:7:44|11|5|197|30,00
17:31:46|13|5|56|30,00
18:51:22|41|5|155|30,00
22:7:32|0|5|156|30,00
22:39:2|25|5|162|30,00
12:44:53|41|5|8|30,00
