21:21:35|6|1|123|30,00
16:55:22|30|1|35|30,00
16:0:0|15|1|43|30,00
14:51:58|9|1|8|30,00
10:2:38|18|1|92|30,00
13:17:6|12|1|149|30,00
4:13:17|18|1|196|30,00
2:59:59|39|1|117|30,00
17:45:2|34|1|154|30,00
20:28:27|33|1|185|30,00
6:38:33|12|1|102|30,00
8:57:48|33|1|122|30,00
13:58:12|24|1|117|30,00
23:39:48|28|1|107|30,00
12:48:15|40|1|38|30,00
5:24:49|39|1|73|30,00
13:52:58|51|1|157|30,00
9:20:47|45|1|179|30,00
5:21:30|52|1|112|30,00
23:11:57|10|1|199|30,00
17:4:50|3|1|76|30,00
12:42:31|44|1|4|30,00
20:55:41|5|1|106|30,00
19:1:2|59|1|146|30,00
11:59:46|29|1|15|30,00
8:47:0|27|1|190|30,00
5:27:56|35|1|143|30,00
18:53:12|50|1|55|30,00
8:50:54|31|1|188|30,00
20:4:7|37|1|104|30,00
15:2:0|36|1|180|30,00
15:29:0|40|1|200|30,00
2:47:47|19|1|92|30,00
23:14:37|56|1|51|30,00
10:1:31|19|1|199|30,00
12:47:56|30|1|88|30,00
1:13:17|32|1|94|30,00
12:30:54|24|1|157|30,00
23:21:42|55|1|47|30,00
23:36:35|11|1|57|30,00
18:42:38|5|2|175|30,00
16:31:17|36|2|63|30,00
19:33:11|28|2|69|30,00
12:7:54|12|2|31|30,00
19:30:42|47|2|120|30,00
7:20:58|37|2|138|30,00
2:40:17|28|2|87|30,00
9:11:34|53|2|169|30,00
22:36:30|2|2|21|30,00
1:19:50|35|2|98|30,00
12:24:48|51|2|144|30,00
5:21:25|17|2|120|30,00
7:36:11|47|2|12|30,00
11:15:10|37|2|193|30,00
18:2:14|24|2|125|30,00
17:35:49|18|2|118|30,00
12:7:43|28|2|22|30,00
17:14:19|57|2|186|30,00
2:28:59|42|2|200|30,00
19:32:0|33|2|58|30,00
15:13:39|16|2|121|30,00
16:52:48|17|2|81|30,00
19:38:44|17|2|2|30,00
12:31:36|43|2|31|30,00
19:36:12|18|2|75|30,00
21:32:38|51|2|143|30,00
9:50:6|30|2|104|30,00
9:8:15|6|2|7|30,00
12:7:46|59|2|112|30,00
3:23:21|30|2|125|30,00
15:2:18|0|2|20|30,00
15:22:15|21|2|32|30,00
12:8:8|17|2|59|30,00
15:20:20|57|2|146|30,00
10:1:52|34|2|37|30,00
1:10:43|46|2|55|30,00
3:2:30|27|2|144|30,00
12:0:16|36|2|145|30,00
21:28:38|49|2|86|30,00
21:48:17|45|2|127|30,00
5:22:52|40|3|57|30,00
20:14:3|24|3|114|30,00
16:39:42|17|3|48|30,00
7:45:47|52|3|2|30,00
5:49:18|52|3|111|30,00
6:23:3|30|3|169|30,00
18:59:33|47|3|31|30,00
17:4:16|15|3|11|30,00
1:26:26|49|3|64|30,00
21:36:59|50|3|32|30,00
7:39:41|38|3|193|30,00
17:39:18|2|3|77|30,00
4:28:17|35|3|175|30,00
0:58:34|16|3|42|30,00
9:18:37|26|3|67|30,00
22:10:33|47|3|172|30,00
10:28:6|29|3|21|30,00
5:21:52|25|3|47|30,00
14:42:24|42|3|183|30,00
23:9:49|7|3|103|30,00
20:31:10|17|3|148|30,00
6:42:28|52|3|172|30,00
0:59:25|42|3|59|30,00
9:19:54|33|3|31|30,00
7:22:49|54|3|129|30,00
16:17:2|39|3|133|30,00
4:26:28|56|3|190|30,00
0:0:19|39|3|24|30,00
18:5:9|11|3|183|30,00
2:10:43|43|3|38|30,00
13:5:48|25|3|124|30,00
8:38:58|39|3|166|30,00
23:0:37|24|3|131|30,00
10:48:44|50|3|102|30,00
22:34:23|28|3|38|30,00
8:45:53|51|3|38|30,00
8:39:21|4|3|164|30,00
11:52:20|24|3|77|30,00
9:44:58|15|3|23|30,00
18:26:40|48|3|166|30,00
21:55:30|58|4|147|30,00
11:10:53|18|4|180|30,00
9:43:39|12|4|14|30,00
7:7:50|52|4|76|30,00
14:31:29|6|4|184|30,00
17:48:19|26|4|140|30,00
1:34:23|6|4|79|30,00
6:48:36|48|4|81|30,00
9:46:38|59|4|74|30,00
4:2:23|57|4|41|30,00
16:45:34|43|4|74|30,00
9:40:26|34|4|44|30,00
5:14:30|47|4|137|30,00
14:14:25|24|4|69|30,00
14:49:58|6|4|102|30,00
11:42:35|53|4|61|30,00
18:30:11|4|4|147|30,00
3:19:30|24|4|124|30,00
7:22:45|27|4|86|30,00
3:25:31|36|4|79|30,00
17:52:22|21|4|154|30,00
3:23:59|44|4|16|30,00
23:58:53|15|4|196|30,00
17:36:40|21|4|188|30,00
8:12:57|30|4|4|30,00
20:42:7|13|4|56|30,00
21:4:1|8|4|90|30,00
8:50:45|42|4|156|30,00
16:45:54|18|4|137|30,00
13:10:44|22|4|155|30,00
17:56:9|58|4|132|30,00
6:6:53|7|4|14|30,00
12:22:47|15|4|57|30,00
18:29:49|14|4|165|30,00
0:5:25|55|4|171|30,00
2:28:34|22|4|173|30,00
23:2:51|13|4|159|30,00
18:7:28|19|4|129|30,00
21:57:34|19|4|62|30,00
12:31:20|27|4|13|30,00
8:14:20|33|5|196|30,00
14:44:37|7|5|169|30,00
0:35:37|53|5|22|30,00
7:13:48|56|5|24|30,00
21:13:17|23|5|167|30,00
16:48:30|4|5|189|30,00
12:32:40|39|5|192|30,00
19:49:16|55|5|130|30,00
8:52:19|0|5|113|30,00
5:49:45|55|5|3|30,00
18:10:36|5|5|148|30,00
16:17:22|43|5|189|30,00
14:21:52|26|5|106|30,00
10:52:41|41|5|173|30,00
9:42:21|40|5|68|30,00
3:6:41|30|5|16|30,00
15:55:58|28|5|141|30,00
5:56:47|46|5|38|30,00
2:7:9|57|5|87|30,00
7:54:8|33|5|164|30,00
18:46:1|0|5|159|30,00
20:54:30|33|5|53|30,00
14:59:55|55|5|144|30,00
12:49:9|32|5|149|30,00
11:38:32|53|5|93|30,00
22:16:8|51|5|9|30,00
23:7:31|0|5|177|30,00
8:53:35|15|5|155|30,00
13:12:45|20|5|90|30,00
11:40:30|5|5|195|30,00
4:10:53|6|5|99|30,00
8:31:49|3|5|141|30,00
6:1:11|30|5|127|30,00
2:55:21|15|5|123|30,00
0:37:31|48|5|106|30,00
2:10:12|22|5|189|30,00
14:2:13|42|5|24|30,00
0:4:32|26|5|141|30,00
3:13:35|54|5|192|30,00
13:52:35|31|5|93|30,00
