10:4:10|5|1|129|30,00
7:9:26|33|1|112|30,00
1:38:58|6|1|175|30,00
7:43:24|34|1|44|30,00
10:36:23|56|1|107|30,00
13:4:13|29|1|114|30,00
15:21:36|9|1|76|30,00
7:4:38|11|1|185|30,00
5:22:54|36|1|93|30,00
14:24:16|45|1|64|30,00
2:21:33|58|1|178|30,00
4:45:47|41|1|66|30,00
16:1:55|22|1|191|30,00
23:55:8|28|1|22|30,00
15:41:47|42|1|103|30,00
18:22:12|1|1|61|30,00
12:10:58|0|1|185|30,00
21:8:38|3|1|147|30,00
0:29:58|43|1|95|30,00
5:17:52|45|1|89|30,00
14:18:44|39|1|74|30,00
16:1:37|50|1|165|30,00
6:31:12|25|1|143|30,00
22:52:55|42|1|28|30,00
16:30:34|36|1|187|30,00
7:38:22|44|1|47|30,00
7:17:14|45|1|64|30,00
9:31:13|46|1|173|30,00
23:58:20|30|1|109|30,00
16:32:55|29|1|57|30,00
12:52:37|19|1|79|30,00
13:18:7|46|1|189|30,00
5:15:45|0|1|138|30,00
21:3:13|12|1|136|30,00
18:35:24|58|1|69|30,00
17:31:24|51|1|152|30,00
2:56:18|21|1|196|30,00
14:36:9|50|1|62|30,00
18:10:9|11|1|104|30,00
11:28:59|55|1|46|30,00
14:29:58|55|2|166|30,00
17:11:30|46|2|85|30,00
6:0:9|9|2|200|30,00
17:33:19|51|2|122|30,00
13:11:29|26|2|137|30,00
21:54:29|59|2|19|30,00
15:57:22|34|2|66|30,00
21:5:54|33|2|174|30,00
6:30:32|32|2|21|30,00
4:16:13|45|2|85|30,00
20:13:25|28|2|106|30,00
18:52:40|42|2|2|30,00
6:40:9|50|2|166|30,00
13:2:24|11|2|144|30,00
17:2:9|20|2|69|30,00
17:14:16|34|2|169|30,00
12:55:4|24|2|48|30,00
16:43:52|12|2|27|30,00
3:0:53|47|2|2|30,00
9:25:35|13|2|14|30,00
5:39:11|31|2|18|30,00
19:43:32|31|2|86|30,00
12:31:39|45|2|154|30,00
6:18:53|5|2|47|30,00
20:59:33|0|2|104|30,00
16:19:25|24|2|167|30,00
15:29:51|5|2|134|30,00
2:56:45|1|2|59|30,00
19:6:49|23|2|117|30,00
14:3:41|48|2|131|30,00
9:58:16|43|2|28|30,00
21:4:12|6|2|163|30,00
17:4:23|24|2|173|30,00
14:9:40|13|2|20|30,00
1:26:3|13|2|25|30,00
7:2:31|52|2|120|30,00
1:48:28|48|2|123|30,00
14:52:34|28|2|127|30,00
5:10:30|54|2|25|30,00
1:48:6|12|2|93|30,00
22:20:57|15|3|19|30,00
11:9:46|28|3|123|30,00
4:38:42|14|3|154|30,00
10:52:27|48|3|128|30,00
6:22:20|25|3|30|30,00
2:29:8|1|3|182|30,00
2:26:39|42|3|70|30,00
9:1:36|21|3|83|30,00
6:23:28|1|3|103|30,00
0:1:16|26|3|15|30,00
19:5:50|29|3|164|30,00
12:27:48|21|3|69|30,00
11:26:9|49|3|12|30,00
16:8:33|40|3|137|30,00
8:13:26|17|3|35|30,00
19:28:24|19|3|121|30,00
20:48:0|3|3|92|30,00
19:39:14|32|3|84|30,00
22:11:50|12|3|30|30,00
16:15:3|56|3|116|30,00
7:10:8|52|3|71|30,00
12:19:2|35|3|132|30,00
5:46:56|23|3|13|30,00
8:19:31|8|3|174|30,00
8:13:29|43|3|178|30,00
17:56:15|28|3|92|30,00
0:54:0|25|3|160|30,00
8:44:33|25|3|132|30,00
2:12:3|24|3|63|30,00
12:3:23|29|3|93|30,00
0:11:15|27|3|177|30,00
20:34:55|40|3|108|30,00
8:8:35|41|3|29|30,00
14:36:11|43|3|78|30,00
22:45:25|55|3|9|30,00
16:32:57|33|3|98|30,00
10:25:39|49|3|95|30,00
17:34:17|37|3|152|30,00
0:27:47|1|3|68|30,00
22:26:18|35|3|143|30,00
22:33:20|1|4|87|30,00
8:17:2|24|4|11|30,00
13:58:9|34|4|76|30,00
9:20:12|18|4|78|30,00
11:19:16|5|4|91|30,00
15:3:47|39|4|11|30,00
2:16:8|53|4|152|30,00
9:14:0|6|4|57|30,00
10:39:15|7|4|15|30,00
5:1:11|1|4|3|30,00
5:49:39|50|4|3|30,00
14:15:6|57|4|56|30,00
2:2:9|12|4|68|30,00
0:14:4|43|4|122|30,00
20:28:25|13|4|14|30,00
10:37:7|9|4|58|30,00
11:18:26|3|4|93|30,00
20:42:18|59|4|181|30,00
23:55:52|17|4|99|30,00
17:32:34|30|4|129|30,00
20:29:13|30|4|121|30,00
23:3:2|58|4|37|30,00
15:58:56|24|4|184|30,00
9:46:22|2|4|76|30,00
12:1:41|31|4|97|30,00
0:6:58|45|4|7|30,00
5:24:6|59|4|190|30,00
9:57:57|33|4|128|30,00
20:3:51|15|4|40|30,00
17:16:48|59|4|111|30,00
14:42:44|48|4|120|30,00
4:11:42|10|4|53|30,00
10:59:22|4|4|68|30,00
13:2:48|19|4|133|30,00
2:17:49|43|4|199|30,00
21:23:22|1|4|116|30,00
2:44:39|42|4|52|30,00
12:58:26|44|4|80|30,00
20:42:2|11|4|121|30,00
7:36:56|17|4|81|30,00
19:37:2|56|5|165|30,00
0:48:16|20|5|182|30,00
17:20:47|47|5|195|30,00
10:39:31|40|5|45|30,00
14:39:35|30|5|86|30,00
18:33:57|17|5|186|30,00
9:4:28|29|5|177|30,00
3:44:55|24|5|199|30,00
4:17:26|51|5|64|30,00
18:27:57|58|5|85|30,00
12:0:54|13|5|10|30,00
18:11:55|50|5|106|30,00
5:40:45|6|5|111|30,00
4:34:33|58|5|128|30,00
17:2:36|16|5|129|30,00
20:48:33|52|5|95|30,00
17:31:6|54|5|102|30,00
15:51:35|10|5|81|30,00
11:22:19|34|5|164|30,00
0:49:56|54|5|33|30,00
21:0:46|22|5|130|30,00
16:36:16|9|5|179|30,00
5:46:28|29|5|200|30,00
4:27:42|34|5|158|30,00
21:50:8|47|5|181|30,00
9:47:52|9|5|115|30,00
16:27:33|6|5|72|30,00
15:0:13|21|5|64|30,00
0:34:2|57|5|81|30,00
10:47:50|39|5|100|30,00
11:27:32|23|5|99|30,00
22:37:13|59|5|142|30,00
6:13:45|28|5|61|30,00
3:33:54|56|5|40|30,00
0:58:16|33|5|51|30,00
23:54:52|46|5|100|30,00
1:2:2|56|5|115|30,00
21:58:53|34|5|36|30,00
15:18:10|3|5|33|30,00
1:41:8|11|5|9|30,00
