20:55:33|21|1|163|30,00
10:11:3|20|1|30|30,00
20:37:45|26|1|23|30,00
5:30:15|8|1|95|30,00
12:33:14|44|1|161|30,00
23:34:40|28|1|71|30,00
18:36:54|3|1|79|30,00
11:53:16|58|1|191|30,00
10:42:46|28|1|80|30,00
8:14:57|44|1|41|30,00
3:52:30|33|1|34|30,00
7:39:37|35|1|79|30,00
17:57:5|12|1|134|30,00
15:44:52|36|1|43|30,00
7:19:5|18|1|9|30,00
15:55:28|32|1|161|30,00
3:38:52|10|1|183|30,00
12:20:3|10|1|122|30,00
23:18:17|46|1|190|30,00
11:4:50|5|1|181|30,00
15:52:18|48|1|193|30,00
20:30:21|41|1|154|30,00
16:35:48|3|1|102|30,00
1:35:53|24|1|167|30,00
12:9:16|49|1|131|30,00
16:12:10|35|1|42|30,00
15:50:6|45|1|79|30,00
11:35:23|51|1|86|30,00
12:7:45|18|1|48|30,00
1:51:13|32|1|165|30,00
5:5:21|27|1|123|30,00
19:37:9|46|1|195|30,00
21:2:7|7|1|50|30,00
14:29:56|34|1|136|30,00
13:30:52|6|1|18|30,00
13:19:39|6|1|51|30,00
18:12:18|32|1|185|30,00
7:2:49|57|1|156|30,00
16:42:46|41|1|163|30,00
9:46:33|39|1|112|30,00
22:37:13|54|2|38|30,00
16:44:46|16|2|70|30,00
13:28:0|48|2|78|30,00
12:49:22|20|2|64|30,00
14:31:20|26|2|26|30,00
17:0:53|43|2|152|30,00
5:17:20|29|2|38|30,00
18:20:4|46|2|167|30,00
20:46:51|33|2|98|30,00
6:51:6|34|2|92|30,00
2:31:31|37|2|59|30,00
16:43:40|31|2|60|30,00
8:54:57|31|2|36|30,00
20:56:35|30|2|176|30,00
22:20:3|4|2|42|30,00
5:14:18|28|2|165|30,00
22:13:43|32|2|186|30,00
0:33:24|1|2|166|30,00
17:42:14|11|2|112|30,00
18:8:1|42|2|164|30,00
7:27:57|34|2|200|30,00
11:10:19|32|2|62|30,00
6:32:32|13|2|31|30,00
3:15:12|21|2|29|30,00
2:21:56|21|2|182|30,00
1:4:43|56|2|11|30,00
17:53:40|2|2|89|30,00
9:33:37|50|2|83|30,00
3:8:45|17|2|96|30,00
21:29:56|49|2|188|30,00
9:11:16|21|2|182|30,00
19:58:14|32|2|36|30,00
19:16:33|40|2|61|30,00
14:46:5|50|2|103|30,00
15:8:26|28|2|85|30,00
6:26:0|22|2|18|30,00
11:6:45|28|2|31|30,00
16:17:20|44|2|171|30,00
22:44:50|32|2|56|30,00
21:28:38|18|2|141|30,00
7:34:23|23|3|149|30,00
17:45:23|50|3|155|30,00
14:17:31|21|3|191|30,00
7:3:30|45|3|75|30,00
15:51:52|9|3|134|30,00
13:20:27|14|3|130|30,00
20:32:20|53|3|180|30,00
12:32:25|7|3|152|30,00
20:54:42|8|3|161|30,00
23:26:55|35|3|152|30,00
14:57:40|41|3|54|30,00
11:17:34|42|3|31|30,00
22:46:49|47|3|75|30,00
10:47:10|28|3|1|30,00
9:59:32|40|3|191|30,00
0:50:40|56|3|13|30,00
3:49:5|0|3|96|30,00
15:25:15|57|3|71|30,00
17:21:16|25|3|132|30,00
14:36:40|31|3|81|30,00
10:21:8|39|3|54|30,00
10:33:4|37|3|29|30,00
19:42:44|45|3|171|30,00
2:38:17|7|3|114|30,00
14:16:50|12|3|175|30,00
5:45:36|34|3|87|30,00
15:42:2|5|3|136|30,00
19:31:48|22|3|5|30,00
4:23:30|21|3|83|30,00
19:50:37|30|3|18|30,00
12:50:45|14|3|37|30,00
23:8:38|11|3|196|30,00
18:51:27|29|3|97|30,00
19:19:39|58|3|6|30,00
18:58:50|53|3|39|30,00
13:37:34|20|3|123|30,00
0:33:27|23|3|53|30,00
10:8:25|46|3|120|30,00
10:9:50|26|3|3|30,00
21:15:25|58|3|90|30,00
9:19:45|46|4|29|30,00
18:8:29|47|4|110|30,00
16:9:11|47|4|137|30,00
4:13:47|42|4|69|30,00
4:6:56|11|4|2|30,00
20:39:56|2|4|69|30,00
2:11:39|49|4|86|30,00
8:45:1|12|4|118|30,00
20:34:32|29|4|175|30,00
9:11:18|27|4|75|30,00
17:57:44|41|4|42|30,00
1:21:38|21|4|195|30,00
11:36:32|3|4|49|30,00
17:25:8|50|4|26|30,00
8:29:56|17|4|69|30,00
19:30:29|12|4|93|30,00
7:11:12|3|4|44|30,00
11:1:5|29|4|106|30,00
1:53:24|4|4|32|30,00
3:46:3|12|4|68|30,00
4:18:53|15|4|6|30,00
0:34:16|20|4|10|30,00
14:52:48|10|4|35|30,00
4:0:27|34|4|185|30,00
3:17:13|20|4|98|30,00
1:46:58|0|4|185|30,00
12:48:1|7|4|119|30,00
4:46:20|21|4|185|30,00
2:51:59|35|4|159|30,00
5:6:5|28|4|69|30,00
16:41:25|39|4|126|30,00
21:33:21|33|4|82|30,00
5:15:3|29|4|32|30,00
12:3:0|42|4|92|30,00
17:55:27|49|4|142|30,00
15:0:38|5|4|134|30,00
2:40:0|53|4|41|30,00
9:45:33|27|4|12|30,00
1:33:9|0|4|63|30,00
14:21:14|33|4|77|30,00
5:57:11|14|5|33|30,00
17:59:42|39|5|186|30,00
18:34:41|2|5|78|30,00
4:50:7|54|5|8|30,00
1:24:16|52|5|39|30,00
6:7:17|44|5|98|30,00
10:34:54|5|5|177|30,00
1:37:55|33|5|69|30,00
19:40:12|18|5|162|30,00
7:47:12|8|5|115|30,00
6:1:27|37|5|150|30,00
6:6:29|55|5|92|30,00
2:49:18|3|5|60|30,00
1:39:12|35|5|106|30,00
15:47:26|8|5|162|30,00
22:56:31|53|5|163|30,00
22:5:22|58|5|100|30,00
17:8:29|57|5|150|30,00
17:21:35|47|5|20|30,00
0:2:3|35|5|108|30,00
0:17:50|40|5|67|30,00
17:11:14|22|5|83|30,00
18:56:40|27|5|48|30,00
18:54:3|27|5|154|30,00
16:8:38|39|5|183|30,00
7:31:31|54|5|120|30,00
7:21:23|54|5|115|30,00
2:10:34|36|5|156|30,00
14:18:14|11|5|73|30,00
15:26:23|6|5|73|30,00
15:20:57|48|5|192|30,00
14:51:11|3|5|43|30,00
7:2:11|9|5|102|30,00
1:7:54|8|5|5|30,00
7:4:2|21|5|138|30,00
22:2:50|16|5|23|30,00
10:53:52|26|5|137|30,00
8:16:59|54|5|84|30,00
14:29:42|11|5|178|30,00
3:2:26|3|5|139|30,00
