11:36:2|51|1|122|30,00
20:52:42|43|1|101|30,00
22:48:51|3|1|78|30,00
7:54:38|31|1|123|30,00
11:59:59|31|1|31|30,00
13:10:12|53|1|53|30,00
16:46:11|21|1|89|30,00
14:57:38|40|1|186|30,00
16:52:35|30|1|23|30,00
14:40:40|12|1|159|30,00
13:14:29|59|1|116|30,00
11:44:50|15|1|110|30,00
11:2:51|36|1|20|30,00
8:18:39|36|1|85|30,00
10:28:58|38|1|8|30,00
10:12:44|10|1|177|30,00
16:28:15|6|1|100|30,00
22:19:28|31|1|148|30,00
0:32:41|9|1|117|30,00
18:14:31|12|1|197|30,00
11:8:1|26|1|59|30,00
1:34:31|19|1|49|30,00
5:17:32|1|1|82|30,00
8:36:32|17|1|179|30,00
16:30:53|12|1|44|30,00
19:8:13|56|1|28|30,00
11:14:27|26|1|158|30,00
4:29:11|4|1|44|30,00
12:21:24|8|1|184|30,00
1:11:27|33|1|40|30,00
12:44:57|15|1|5|30,00
6:3:39|11|1|76|30,00
11:46:47|18|1|142|30,00
2:14:27|37|1|33|30,00
12:54:1|29|1|127|30,00
8:3:38|30|1|139|30,00
12:15:27|2|1|75|30,00
12:55:12|24|1|8|30,00
23:35:45|28|1|168|30,00
18:26:1|12|1|195|30,00
4:1:45|54|2|123|30,00
8:26:18|48|2|46|30,00
20:24:17|3|2|175|30,00
17:36:25|31|2|155|30,00
1:28:5|19|2|99|30,00
23:19:42|52|2|170|30,00
8:9:30|54|2|65|30,00
15:23:38|36|2|159|30,00
2:48:48|59|2|186|30,00
9:19:38|28|2|127|30,00
0:24:8|34|2|94|30,00
13:23:8|36|2|170|30,00
14:10:50|59|2|95|30,00
10:8:56|1|2|10|30,00
8:49:48|6|2|104|30,00
7:7:58|13|2|100|30,00
7:24:18|43|2|10|30,00
0:31:2|36|2|49|30,00
19:23:31|46|2|127|30,00
9:57:58|23|2|11|30,00
13:41:53|6|2|99|30,00
12:41:9|52|2|127|30,00
1:48:6|51|2|75|30,00
8:12:55|35|2|103|30,00
14:14:14|52|2|55|30,00
1:2:10|4|2|101|30,00
12:42:47|59|2|190|30,00
4:57:40|4|2|13|30,00
14:19:23|52|2|134|30,00
23:33:40|54|2|146|30,00
7:54:41|43|2|51|30,00
23:13:20|12|2|77|30,00
7:2:37|45|2|124|30,00
10:30:56|59|2|133|30,00
0:21:5|6|2|42|30,00
8:3:14|15|2|186|30,00
7:53:39|1|2|66|30,00
19:0:47|11|2|152|30,00
12:14:14|28|2|134|30,00
20:49:6|54|2|162|30,00
19:2:51|13|3|164|30,00
10:10:58|16|3|195|30,00
11:56:30|11|3|28|30,00
15:33:24|54|3|127|30,00
20:38:2|35|3|120|30,00
10:27:10|26|3|23|30,00
13:35:25|3|3|103|30,00
10:47:4|57|3|142|30,00
12:2:51|36|3|194|30,00
4:7:14|14|3|9|30,00
11:24:25|45|3|114|30,00
5:50:19|5|3|70|30,00
12:55:35|38|3|33|30,00
13:20:33|8|3|105|30,00
22:53:41|28|3|18|30,00
4:13:11|57|3|76|30,00
2:59:1|18|3|59|30,00
0:3:27|31|3|182|30,00
15:50:5|39|3|63|30,00
21:45:30|13|3|123|30,00
9:45:33|15|3|131|30,00
9:32:25|6|3|179|30,00
20:48:39|42|3|161|30,00
22:37:58|39|3|112|30,00
4:57:47|57|3|67|30,00
14:37:39|31|3|3|30,00
13:41:43|48|3|80|30,00
19:56:8|19|3|65|30,00
15:25:37|34|3|13|30,00
5:51:49|10|3|143|30,00
22:20:12|14|3|166|30,00
12:51:50|56|3|199|30,00
17:57:9|41|3|59|30,00
8:15:25|2|3|163|30,00
5:37:40|46|3|73|30,00
12:16:40|0|3|65|30,00
9:18:19|36|3|141|30,00
9:8:31|31|3|8|30,00
16:55:47|37|3|19|30,00
4:10:4|40|3|95|30,00
20:3:8|22|4|130|30,00
18:28:34|34|4|14|30,00
3:23:5|14|4|110|30,00
13:38:47|35|4|142|30,00
16:28:58|42|4|108|30,00
2:26:49|15|4|71|30,00
3:15:32|2|4|191|30,00
7:39:7|17|4|168|30,00
4:30:6|28|4|148|30,00
12:10:45|15|4|27|30,00
19:40:31|19|4|190|30,00
12:10:31|22|4|157|30,00
8:27:50|47|4|10|30,00
21:15:54|17|4|189|30,00
10:32:12|18|4|188|30,00
1:45:25|0|4|159|30,00
21:14:10|19|4|50|30,00
18:57:54|43|4|31|30,00
17:16:0|33|4|188|30,00
7:15:17|9|4|6|30,00
18:6:21|37|4|1|30,00
13:57:39|7|4|152|30,00
21:42:13|22|4|47|30,00
16:48:3|6|4|39|30,00
14:37:58|20|4|17|30,00
9:0:28|27|4|25|30,00
16:17:14|34|4|7|30,00
1:15:46|46|4|145|30,00
19:22:44|8|4|17|30,00
21:18:57|20|4|171|30,00
3:42:10|58|4|55|30,00
9:40:53|27|4|53|30,00
21:9:30|40|4|119|30,00
5:25:35|11|4|22|30,00
12:21:12|40|4|182|30,00
3:57:28|52|4|0|30,00
12:56:27|6|4|169|30,00
18:22:45|4|4|65|30,00
16:10:16|7|4|192|30,00
19:49:39|46|4|10|30,00
8:25:54|37|5|197|30,00
5:26:0|14|5|94|30,00
3:15:40|43|5|128|30,00
16:18:11|9|5|20|30,00
21:43:56|8|5|70|30,00
11:30:23|13|5|77|30,00
13:2:59|23|5|42|30,00
20:28:59|3|5|35|30,00
9:42:20|9|5|61|30,00
17:12:43|55|5|27|30,00
22:19:55|7|5|52|30,00
17:25:19|46|5|167|30,00
6:53:23|14|5|153|30,00
16:16:33|23|5|93|30,00
13:2:49|17|5|103|30,00
17:37:1|8|5|157|30,00
21:44:24|1|5|92|30,00
4:42:24|31|5|59|30,00
19:32:3|37|5|0|30,00
16:17:41|15|5|179|30,00
4:59:15|30|5|23|30,00
18:40:48|51|5|195|30,00
12:36:11|57|5|29|30,00
4:57:4|59|5|161|30,00
13:34:33|12|5|87|30,00
0:26:16|29|5|18|30,00
16:59:3|7|5|110|30,00
8:42:28|52|5|118|30,00
10:35:48|37|5|107|30,00
21:30:7|46|5|1|30,00
11:23:20|4|5|177|30,00
17:34:58|22|5|57|30,00
12:42:45|43|5|10|30,00
10:32:37|48|5|149|30,00
5:48:31|33|5|110|30,00
6:9:5|56|5|25|30,00
5:50:2|55|5|154|30,00
18:28:16|39|5|101|30,00
12:11:57|4|5|155|30,00
3:58:30|45|5|68|30,00
